1913.46 0
1913.92 0
1914.38 0
1914.84 0
1915.3 0
1915.77 0
1916.23 0
1916.69 0
1917.15 0
1917.61 0
1918.08 0
1918.54 0
1919 0
1919.46 0
1919.92 0
1920.39 0.0042524
1920.85 0.00934687
1921.31 0.0144466
1921.77 0.0195515
1922.23 0.0246617
1922.7 0.0297771
1923.16 0.0348977
1923.62 0.0400236
1924.08 0.0451548
1924.54 0.0502912
1925.01 0.0554328
1925.47 0.0605797
1925.93 0.0657318
1926.39 0.0708892
1926.85 0.0760518
1927.32 0.0812197
1927.78 0.0863929
1928.24 0.0915713
1928.7 0.0967549
1929.16 0.101944
1929.63 0.107138
1930.09 0.112827
1930.55 0.120606
1931.01 0.128393
1931.47 0.136187
1931.94 0.143989
1932.4 0.1518
1932.86 0.159618
1933.32 0.167444
1933.78 0.175278
1934.25 0.183119
1934.71 0.190969
1935.17 0.198827
1935.63 0.206692
1936.09 0.214566
1936.56 0.222447
1937.02 0.230337
1937.48 0.238234
1937.94 0.246139
1938.4 0.254052
1938.87 0.261973
1939.33 0.269902
1939.79 0.277839
1940.25 0.288622
1940.71 0.301781
1941.18 0.314954
1941.64 0.32814
1942.1 0.341339
1942.56 0.354551
1943.02 0.367777
1943.49 0.381016
1943.95 0.394268
1944.41 0.407533
1944.87 0.420811
1945.33 0.434103
1945.8 0.447408
1946.26 0.460727
1946.72 0.474058
1947.18 0.487403
1947.64 0.500761
1948.11 0.514132
1948.57 0.527517
1949.03 0.540915
1949.49 0.554326
1949.95 0.567751
1950.42 0.581374
1950.88 0.595041
1951.34 0.60873
1951.8 0.622443
1952.26 0.636178
1952.73 0.649936
1953.19 0.663717
1953.65 0.67752
1954.11 0.691347
1954.57 0.705197
1955.04 0.719069
1955.5 0.732964
1955.96 0.746883
1956.42 0.760824
1956.88 0.774789
1957.35 0.788776
1957.81 0.802786
1958.27 0.81682
1958.73 0.830876
1959.19 0.844956
1959.66 0.859058
1960.12 0.886184
1960.58 0.951286
1961.04 1.0165
1961.5 1.08182
1961.97 1.14725
1962.43 1.21279
1962.89 1.27844
1963.35 1.3442
1963.81 1.41007
1964.28 1.47606
1964.74 1.54215
1965.2 1.60835
1965.66 1.67466
1966.12 1.74109
1966.59 1.80762
1967.05 1.87427
1967.51 1.94102
1967.97 2.00789
1968.43 2.07487
1968.9 2.14196
1969.36 2.20915
1969.82 2.27646
1970.28 2.32306
1970.74 2.35643
1971.21 2.38986
1971.67 2.42334
1972.13 2.45687
1972.59 2.49046
1973.05 2.5241
1973.52 2.55779
1973.98 2.59154
1974.44 2.62534
1974.9 2.6592
1975.36 2.69311
1975.83 2.72707
1976.29 2.76109
1976.75 2.79516
1977.21 2.82929
1977.67 2.86347
1978.14 2.8977
1978.6 2.93199
1979.06 2.96634
1979.52 3.00073
1979.98 3.03519
1980.45 3.12739
1980.91 3.22183
1981.37 3.31641
1981.83 3.41115
1982.29 3.50604
1982.76 3.60109
1983.22 3.6963
1983.68 3.79166
1984.14 3.88717
1984.6 3.98284
1985.07 4.07866
1985.53 4.17464
1985.99 4.27078
1986.45 4.36707
1986.91 4.46351
1987.38 4.56011
1987.84 4.65687
1988.3 4.75378
1988.76 4.85085
1989.22 4.94807
1989.69 5.04545
1990.15 5.14299
1990.61 5.24068
1991.07 5.33853
1991.53 5.43654
1992 5.5347
1992.46 5.63302
1992.92 5.7315
1993.38 5.83013
1993.84 5.92892
1994.31 6.02786
1994.77 6.12697
1995.23 6.22623
1995.69 6.32565
1996.15 6.42522
1996.62 6.52496
1997.08 6.62485
1997.54 6.7249
1998 6.8251
1998.46 6.92547
1998.93 7.02599
1999.39 7.12667
1999.85 7.22751
2000.31 7.37311
2000.77 7.54012
2001.24 7.70708
2001.7 7.87397
2002.16 8.0408
2002.62 8.20757
2003.08 8.37428
2003.55 8.54092
2004.01 8.7075
2004.47 8.87402
2004.93 9.04048
2005.39 9.20687
2005.86 9.37321
2006.32 9.53948
2006.78 9.70568
2007.24 9.87183
2007.7 10.0379
2008.17 10.2039
2008.63 10.3699
2009.09 10.5358
2009.55 10.7016
2010.01 10.8677
2010.48 11.0434
2010.94 11.2191
2011.4 11.3947
2011.86 11.5703
2012.32 11.7458
2012.79 11.9212
2013.25 12.0965
2013.71 12.2718
2014.17 12.447
2014.63 12.6222
2015.1 12.7973
2015.56 12.9723
2016.02 13.1472
2016.48 13.3221
2016.94 13.4969
2017.41 13.6717
2017.87 13.8464
2018.33 14.021
2018.79 14.1956
2019.25 14.3701
2019.72 14.5445
2020.18 14.7155
2020.64 14.8813
2021.1 15.0469
2021.56 15.2125
2022.03 15.3781
2022.49 15.5436
2022.95 15.709
2023.41 15.8743
2023.87 16.0396
2024.34 16.2048
2024.8 16.37
2025.26 16.5351
2025.72 16.7001
2026.18 16.8651
2026.65 17.03
2027.11 17.1949
2027.57 17.3597
2028.03 17.5244
2028.49 17.689
2028.96 17.8536
2029.42 18.0182
2029.88 18.1826
2030.34 18.3228
2030.8 18.4545
2031.27 18.5861
2031.73 18.7176
2032.19 18.8491
2032.65 18.9806
2033.11 19.112
2033.58 19.2433
2034.04 19.3746
2034.5 19.5059
2034.96 19.6371
2035.42 19.7682
2035.89 19.8993
2036.35 20.0303
2036.81 20.1613
2037.27 20.2923
2037.73 20.4232
2038.2 20.554
2038.66 20.6848
2039.12 20.8155
2039.58 20.9462
2040.04 21.0732
2040.51 21.1656
2040.97 21.2579
2041.43 21.3501
2041.89 21.4424
2042.35 21.5346
2042.82 21.6268
2043.28 21.7189
2043.74 21.811
2044.2 21.903
2044.66 21.9951
2045.13 22.087
2045.59 22.179
2046.05 22.2709
2046.51 22.3628
2046.97 22.4546
2047.44 22.5464
2047.9 22.6382
2048.36 22.7299
2048.82 22.8216
2049.28 22.9133
2049.75 23.0049
2050.21 23.0769
2050.67 23.1248
2051.13 23.1728
2051.59 23.2208
2052.06 23.2687
2052.52 23.3167
2052.98 23.3647
2053.44 23.4127
2053.9 23.4606
2054.37 23.5086
2054.83 23.5566
2055.29 23.6045
2055.75 23.6525
2056.21 23.7005
2056.68 23.7484
2057.14 23.7964
2057.6 23.8444
2058.06 23.8923
2058.52 23.9403
2058.99 23.9883
2059.45 24.0362
2059.91 24.0842
2060.37 24.1106
2060.83 24.1317
2061.3 24.1529
2061.76 24.1741
2062.22 24.1952
2062.68 24.2164
2063.14 24.2375
2063.61 24.2587
2064.07 24.2799
2064.53 24.301
2064.99 24.3222
2065.45 24.3434
2065.92 24.3645
2066.38 24.3857
2066.84 24.4068
2067.3 24.428
2067.76 24.4492
2068.23 24.4703
2068.69 24.4915
2069.15 24.5127
2069.61 24.5338
2070.07 24.552
2070.54 24.5549
2071 24.5577
2071.46 24.5605
2071.92 24.5633
2072.38 24.5661
2072.85 24.569
2073.31 24.5718
2073.77 24.5746
2074.23 24.5774
2074.69 24.5803
2075.16 24.5831
2075.62 24.5859
2076.08 24.5887
2076.54 24.5915
2077 24.5944
2077.47 24.5972
2077.93 24.6
2078.39 24.6028
2078.85 24.6056
2079.31 24.6085
2079.78 24.6113
2080.24 24.5974
2080.7 24.5678
2081.16 24.5381
2081.62 24.5085
2082.09 24.4789
2082.55 24.4493
2083.01 24.4196
2083.47 24.39
2083.93 24.3604
2084.4 24.3308
2084.86 24.3011
2085.32 24.2715
2085.78 24.2419
2086.24 24.2123
2086.71 24.1826
2087.17 24.153
2087.63 24.1234
2088.09 24.0937
2088.55 24.0641
2089.02 24.0345
2089.48 24.0049
2089.94 23.9752
2090.4 23.9849
2090.86 24.0004
2091.33 24.0159
2091.79 24.0314
2092.25 24.047
2092.71 24.0625
2093.17 24.078
2093.64 24.0935
2094.1 24.109
2094.56 24.1246
2095.02 24.1401
2095.48 24.1556
2095.95 24.1711
2096.41 24.1866
2096.87 24.2022
2097.33 24.2177
2097.79 24.2332
2098.26 24.2487
2098.72 24.2642
2099.18 24.2797
2099.64 24.2953
2100.1 24.3053
2100.57 24.2965
2101.03 24.2877
2101.49 24.2789
2101.95 24.2701
2102.41 24.2612
2102.88 24.2524
2103.34 24.2436
2103.8 24.2348
2104.26 24.226
2104.72 24.2172
2105.19 24.2084
2105.65 24.1996
2106.11 24.1908
2106.57 24.182
2107.03 24.1733
2107.5 24.1645
2107.96 24.1557
2108.42 24.1469
2108.88 24.1381
2109.34 24.1293
2109.81 24.1205
2110.27 24.1199
2110.73 24.1252
2111.19 24.1304
2111.65 24.1357
2112.12 24.1409
2112.58 24.1462
2113.04 24.1514
2113.5 24.1567
2113.96 24.1619
2114.43 24.1671
2114.89 24.1724
2115.35 24.1776
2115.81 24.1828
2116.27 24.1881
2116.74 24.1933
2117.2 24.1985
2117.66 24.2037
2118.12 24.2089
2118.58 24.2141
2119.05 24.2193
2119.51 24.2245
2119.97 24.2297
2120.43 24.2349
2120.89 24.24
2121.36 24.2452
2121.82 24.2504
2122.28 24.2556
2122.74 24.2607
2123.2 24.2659
2123.67 24.2711
2124.13 24.2762
2124.59 24.2814
2125.05 24.2865
2125.51 24.2917
2125.98 24.2968
2126.44 24.302
2126.9 24.3071
2127.36 24.3122
2127.82 24.3173
2128.29 24.3225
2128.75 24.3276
2129.21 24.3327
2129.67 24.3378
2130.13 24.3437
2130.6 24.3516
2131.06 24.3595
2131.52 24.3674
2131.98 24.3753
2132.44 24.3831
2132.91 24.391
2133.37 24.3989
2133.83 24.4067
2134.29 24.4146
2134.75 24.4224
2135.22 24.4303
2135.68 24.4381
2136.14 24.4459
2136.6 24.4538
2137.06 24.4616
2137.53 24.4694
2137.99 24.4772
2138.45 24.485
2138.91 24.4928
2139.37 24.5006
2139.84 24.5084
2140.3 24.5153
2140.76 24.5217
2141.22 24.5281
2141.68 24.5345
2142.15 24.5409
2142.61 24.5473
2143.07 24.5537
2143.53 24.56
2143.99 24.5664
2144.46 24.5728
2144.92 24.5791
2145.38 24.5855
2145.84 24.5918
2146.3 24.5982
2146.77 24.6045
2147.23 24.6109
2147.69 24.6172
2148.15 24.6235
2148.61 24.6299
2149.08 24.6362
2149.54 24.6425
2150 24.6488
2150.46 24.6476
2150.92 24.6464
2151.39 24.6452
2151.85 24.644
2152.31 24.6427
2152.77 24.6415
2153.23 24.6403
2153.7 24.639
2154.16 24.6378
2154.62 24.6365
2155.08 24.6352
2155.54 24.634
2156.01 24.6327
2156.47 24.6314
2156.93 24.6301
2157.39 24.6288
2157.85 24.6275
2158.32 24.6262
2158.78 24.6249
2159.24 24.6236
2159.7 24.6222
2160.16 24.6209
2160.63 24.6196
2161.09 24.6182
2161.55 24.6169
2162.01 24.6155
2162.47 24.6141
2162.94 24.6128
2163.4 24.6114
2163.86 24.61
2164.32 24.6086
2164.78 24.6072
2165.25 24.6058
2165.71 24.6044
2166.17 24.603
2166.63 24.6016
2167.09 24.6001
2167.56 24.5987
2168.02 24.5972
2168.48 24.5958
2168.94 24.5943
2169.4 24.5929
2169.87 24.5914
2170.33 24.589
2170.79 24.5861
2171.25 24.5833
2171.71 24.5804
2172.18 24.5776
2172.64 24.5747
2173.1 24.5718
2173.56 24.569
2174.02 24.5661
2174.49 24.5632
2174.95 24.5603
2175.41 24.5574
2175.87 24.5545
2176.33 24.5516
2176.8 24.5487
2177.26 24.5458
2177.72 24.5429
2178.18 24.54
2178.64 24.537
2179.11 24.5341
2179.57 24.5312
2180.03 24.528
2180.49 24.5224
2180.95 24.5167
2181.42 24.5111
2181.88 24.5054
2182.34 24.4998
2182.8 24.4941
2183.26 24.4885
2183.73 24.4828
2184.19 24.4771
2184.65 24.4714
2185.11 24.4658
2185.57 24.4601
2186.04 24.4544
2186.5 24.4487
2186.96 24.443
2187.42 24.4373
2187.88 24.4316
2188.35 24.4259
2188.81 24.4202
2189.27 24.4145
2189.73 24.4088
2190.19 24.402
2190.66 24.3936
2191.12 24.3852
2191.58 24.3768
2192.04 24.3684
2192.5 24.3601
2192.97 24.3517
2193.43 24.3433
2193.89 24.3349
2194.35 24.3265
2194.81 24.3181
2195.28 24.3097
2195.74 24.3013
2196.2 24.2929
2196.66 24.2845
2197.12 24.2761
2197.59 24.2677
2198.05 24.2593
2198.51 24.2509
2198.97 24.2425
2199.43 24.2341
2199.9 24.2257
2200.36 24.2173
2200.82 24.2089
2201.28 24.2005
2201.74 24.192
2202.21 24.1836
2202.67 24.1752
2203.13 24.1668
2203.59 24.1584
2204.05 24.15
2204.52 24.1416
2204.98 24.1331
2205.44 24.1247
2205.9 24.1163
2206.36 24.1079
2206.83 24.0995
2207.29 24.091
2207.75 24.0826
2208.21 24.0742
2208.67 24.0658
2209.14 24.0573
2209.6 24.0489
2210.06 24.0401
2210.52 24.0291
2210.98 24.018
2211.45 24.007
2211.91 23.9959
2212.37 23.9849
2212.83 23.9738
2213.29 23.9628
2213.76 23.9517
2214.22 23.9407
2214.68 23.9296
2215.14 23.9186
2215.6 23.9075
2216.07 23.8965
2216.53 23.8854
2216.99 23.8744
2217.45 23.8634
2217.91 23.8523
2218.38 23.8413
2218.84 23.8303
2219.3 23.8192
2219.76 23.8082
2220.22 23.7959
2220.69 23.7823
2221.15 23.7686
2221.61 23.755
2222.07 23.7414
2222.53 23.7278
2223 23.7141
2223.46 23.7005
2223.92 23.6869
2224.38 23.6733
2224.84 23.6597
2225.31 23.6461
2225.77 23.6325
2226.23 23.6189
2226.69 23.6053
2227.15 23.5917
2227.62 23.5782
2228.08 23.5646
2228.54 23.551
2229 23.5374
2229.46 23.5238
2229.93 23.5103
2230.39 23.4967
2230.85 23.4831
2231.31 23.4696
2231.77 23.456
2232.24 23.4425
2232.7 23.4289
2233.16 23.4154
2233.62 23.4018
2234.08 23.3883
2234.55 23.3748
2235.01 23.3612
2235.47 23.3477
2235.93 23.3342
2236.39 23.3206
2236.86 23.3071
2237.32 23.2936
2237.78 23.2801
2238.24 23.2666
2238.7 23.2531
2239.17 23.2396
2239.63 23.2261
2240.09 23.2118
2240.55 23.1945
2241.01 23.1772
2241.48 23.1599
2241.94 23.1425
2242.4 23.1252
2242.86 23.1079
2243.32 23.0907
2243.79 23.0734
2244.25 23.0561
2244.71 23.0388
2245.17 23.0216
2245.63 23.0043
2246.1 22.9871
2246.56 22.9698
2247.02 22.9526
2247.48 22.9353
2247.94 22.9181
2248.41 22.9009
2248.87 22.8837
2249.33 22.8665
2249.79 22.8493
2250.25 22.8265
2250.72 22.7992
2251.18 22.772
2251.64 22.7447
2252.1 22.7175
2252.56 22.6902
2253.03 22.663
2253.49 22.6358
2253.95 22.6086
2254.41 22.5814
2254.87 22.5542
2255.34 22.527
2255.8 22.4999
2256.26 22.4727
2256.72 22.4456
2257.18 22.4184
2257.65 22.3913
2258.11 22.3642
2258.57 22.3371
2259.03 22.31
2259.49 22.2829
2259.96 22.2559
2260.42 22.1821
2260.88 22.1035
2261.34 22.025
2261.8 21.9465
2262.27 21.868
2262.73 21.7896
2263.19 21.7112
2263.65 21.6328
2264.11 21.5545
2264.58 21.4763
2265.04 21.3981
2265.5 21.3199
2265.96 21.2418
2266.42 21.1637
2266.89 21.0856
2267.35 21.0076
2267.81 20.9297
2268.27 20.8518
2268.73 20.7739
2269.2 20.6961
2269.66 20.6183
2270.12 20.5295
2270.58 20.4093
2271.04 20.2892
2271.51 20.1692
2271.97 20.0492
2272.43 19.9293
2272.89 19.8095
2273.35 19.6897
2273.82 19.57
2274.28 19.4504
2274.74 19.3309
2275.2 19.2114
2275.66 19.092
2276.13 18.9727
2276.59 18.8534
2277.05 18.7342
2277.51 18.6151
2277.97 18.496
2278.44 18.377
2278.9 18.2581
2279.36 18.1393
2279.82 18.0205
2280.28 17.8759
2280.75 17.7151
2281.21 17.5544
2281.67 17.3938
2282.13 17.2332
2282.59 17.0728
2283.06 16.9125
2283.52 16.7523
2283.98 16.5922
2284.44 16.4322
2284.9 16.2722
2285.37 16.1124
2285.83 15.9527
2286.29 15.793
2286.75 15.6335
2287.21 15.4741
2287.68 15.3147
2288.14 15.1555
2288.6 14.9964
2289.06 14.8373
2289.52 14.6784
2289.99 14.5195
2290.45 14.3524
2290.91 14.1852
2291.37 14.018
2291.83 13.8509
2292.3 13.684
2292.76 13.5171
2293.22 13.3504
2293.68 13.1837
2294.14 13.0172
2294.61 12.8508
2295.07 12.6844
2295.53 12.5182
2295.99 12.3521
2296.45 12.1861
2296.92 12.0202
2297.38 11.8544
2297.84 11.6887
2298.3 11.5231
2298.76 11.3576
2299.23 11.1922
2299.69 11.0269
2300.15 10.8609
2300.61 10.6934
2301.07 10.5258
2301.54 10.3584
2302 10.191
2302.46 10.0238
2302.92 9.85654
2303.38 9.68939
2303.85 9.52232
2304.31 9.35532
2304.77 9.18839
2305.23 9.02153
2305.69 8.85475
2306.16 8.68804
2306.62 8.52141
2307.08 8.35484
2307.54 8.18835
2308 8.02193
2308.47 7.85559
2308.93 7.68931
2309.39 7.52311
2309.85 7.35698
2310.31 7.22321
2310.78 7.10472
2311.24 6.98627
2311.7 6.86787
2312.16 6.74953
2312.62 6.63124
2313.09 6.513
2313.55 6.39481
2314.01 6.27667
2314.47 6.15859
2314.93 6.04056
2315.4 5.92257
2315.86 5.80465
2316.32 5.68677
2316.78 5.56894
2317.24 5.45117
2317.71 5.33344
2318.17 5.21577
2318.63 5.09815
2319.09 4.98058
2319.55 4.86307
2320.02 4.74699
2320.48 4.66958
2320.94 4.59219
2321.4 4.51485
2321.86 4.43753
2322.33 4.36026
2322.79 4.28301
2323.25 4.2058
2323.71 4.12862
2324.17 4.05148
2324.64 3.97437
2325.1 3.89729
2325.56 3.82025
2326.02 3.74325
2326.48 3.66627
2326.95 3.58933
2327.41 3.51243
2327.87 3.43555
2328.33 3.35872
2328.79 3.28191
2329.26 3.20514
2329.72 3.12841
2330.18 3.06675
2330.64 3.02867
2331.1 2.99061
2331.57 2.95257
2332.03 2.91455
2332.49 2.87654
2332.95 2.83855
2333.41 2.80057
2333.88 2.76261
2334.34 2.72467
2334.8 2.68675
2335.26 2.64884
2335.72 2.61095
2336.19 2.57307
2336.65 2.53521
2337.11 2.49737
2337.57 2.45955
2338.03 2.42174
2338.5 2.38395
2338.96 2.34618
2339.42 2.30842
2339.88 2.27068
2340.34 2.24278
2340.81 2.21828
2341.27 2.19378
2341.73 2.16929
2342.19 2.14482
2342.65 2.12035
2343.12 2.0959
2343.58 2.07146
2344.04 2.04703
2344.5 2.0226
2344.96 1.99819
2345.43 1.97379
2345.89 1.94941
2346.35 1.92503
2346.81 1.90066
2347.27 1.8763
2347.74 1.85196
2348.2 1.82762
2348.66 1.8033
2349.12 1.77898
2349.58 1.75468
2350.05 1.73162
2350.51 1.7197
2350.97 1.7078
2351.43 1.69591
2351.89 1.68404
2352.36 1.67218
2352.82 1.66034
2353.28 1.64851
2353.74 1.63669
2354.2 1.62489
2354.67 1.61311
2355.13 1.60134
2355.59 1.58958
2356.05 1.57784
2356.51 1.56611
2356.98 1.5544
2357.44 1.5427
2357.9 1.53102
2358.36 1.51935
2358.82 1.50769
2359.29 1.49605
2359.75 1.48443
2360.21 1.47816
2360.67 1.47833
2361.13 1.47849
2361.6 1.47864
2362.06 1.4788
2362.52 1.47896
2362.98 1.47911
2363.44 1.47926
2363.91 1.47941
2364.37 1.47956
2364.83 1.47971
2365.29 1.47985
2365.75 1.48
2366.22 1.48014
2366.68 1.48028
2367.14 1.48042
2367.6 1.48056
2368.06 1.48069
2368.53 1.48083
2368.99 1.48096
2369.45 1.48109
2369.91 1.48122
2370.37 1.48135
2370.84 1.48147
2371.3 1.4816
2371.76 1.48172
2372.22 1.48184
2372.68 1.48196
2373.15 1.48208
2373.61 1.4822
2374.07 1.48231
2374.53 1.48242
2374.99 1.48254
2375.46 1.48265
2375.92 1.48275
2376.38 1.48286
2376.84 1.48297
2377.3 1.48307
2377.77 1.48317
2378.23 1.48327
2378.69 1.48337
2379.15 1.48347
2379.61 1.48356
2380.08 1.48384
2380.54 1.48508
2381 1.48631
2381.46 1.48754
2381.92 1.48876
2382.39 1.48998
2382.85 1.4912
2383.31 1.49241
2383.77 1.49362
2384.23 1.49483
2384.7 1.49603
2385.16 1.49724
2385.62 1.49843
2386.08 1.49963